%YAML:1.0
---
metadata:
   time: "2020-11-10 17:39:22"
   type: route
